Field direction: ←

Row:[23][24][25][26][27][28][29][30][31][32][33][34][35][36][37][38]
01:                                             [34]            
02:                                             [34]            
03:                                         [33][34]            
04:                                         [33][34]            
05:                                     [32][33][34]            
06:                                     [32][33][34]            
07:                                 [31][32][33][34][35][36][37][38]
08:                             [30][31][32][33][34][35][36][37][38]
09:                             [30][31][32][33][34][35][36][37][38]
10:                         [29][30][31][32][33][34][35][36][37][38]
11:                     [28][29][30][31][32][33][34][35][36][37][38]
12:                     [28][29][30][31][32][33][34][35][36][37][38]
13:                 [27][28][29][30][31][32][33][34][35][36][37][38]
14:                 [27][28][29][30][31][32][33][34][35][36][37][38]
15:             [26][27][28][29][30][31][32][33][34][35][36][37][38]
16:             [26][27][28][29][30][31][32][33][34][35][36][37][38]
17:         [25][26][27][28][29][30][31][32][33][34][35][36][37][38]
18:     [24][25][26][27][28][29][30][31][32][33][34][35][36][37][38]
19:     [24][25][26][27][28][29][30][31][32][33][34][35][36]    [38]
20: [23][24][25][26][27][28][29][30][31][32][33][34][35]         
21: [23][24][25][26][27][28][29][30][31][32][33][34][35]         