Field direction: ↑

Row 05:                 [09][08][07][06][05][04][03][02][01]
Row 06:                 [09][08][07][06][05][04][03][02][01]
Row 07:                 [09][08][07][06][05][04][03][02][01]
Row 08:             [10][09][08][07][06][05][04][03][02][01]
Row 09:             [10][09][08][07][06][05][04][03][02][01]
Row 10:             [10][09][08][07][06][05][04][03][02][01]
Row 11:         [11][10][09][08][07][06][05][04][03][02][01]
Row 12:         [11][10][09][08][07][06][05][04][03][02][01]
Row 13:         [11][10][09][08][07][06][05][04][03][02][01]
Row 14:     [12][11][10][09][08][07][06][05][04][03][02][01]
Row 15:     [12][11][10][09][08][07][06][05][04][03][02][01]
Row 16:     [12][11][10][09][08][07][06][05][04][03][02][01]
Row 17: [13][12][11][10][09][08][07][06][05][04][03][02][01]
Row 18: [13][12][11][10][09][08][07][06][05][04][03][02][01]
Row 19: [13][12][11][10][09][08][07][06][05][04][03][02][01]